# Blender v2.79 (sub 0) OBJ File: 'curriculum_vita.blend'
# www.blender.org
mtllib curriculum_vita.mtl
o Cube.011_Cube.017
v 1.855714 1.485902 -0.905676
v 0.959496 1.988634 -0.893906
v 1.848482 1.494537 -1.825186
v 0.952264 1.997269 -1.813416
v 1.964484 1.679783 -0.904711
v 1.068266 2.182515 -0.892941
v 1.957252 1.688418 -1.824221
v 1.061034 2.191151 -1.812450
vn -0.4893 -0.8721 -0.0043
vn -0.0079 0.0094 -0.9999
vn 0.4893 0.8721 0.0043
vn 0.0079 -0.0094 0.9999
vn 0.8721 -0.4892 -0.0115
vn -0.8721 0.4892 0.0115
usemtl Material.006
s off
f 1//1 2//1 4//1 3//1
f 3//2 4//2 8//2 7//2
f 7//3 8//3 6//3 5//3
f 5//4 6//4 2//4 1//4
f 3//5 7//5 5//5 1//5
f 8//6 4//6 2//6 6//6
o Cube.010_Cube.015
v 1.898642 1.508942 0.288322
v 1.002424 2.011674 0.300092
v 1.891410 1.517577 -0.631188
v 0.995192 2.020309 -0.619418
v 2.007412 1.702823 0.289287
v 1.111194 2.205555 0.301057
v 2.000180 1.711458 -0.630223
v 1.103962 2.214191 -0.618452
vn -0.4893 -0.8721 -0.0043
vn -0.0079 0.0094 -0.9999
vn 0.4893 0.8721 0.0043
vn 0.0079 -0.0094 0.9999
vn 0.8721 -0.4892 -0.0115
vn -0.8721 0.4892 0.0115
usemtl Material.006
s off
f 9//7 10//7 12//7 11//7
f 11//8 12//8 16//8 15//8
f 15//9 16//9 14//9 13//9
f 13//10 14//10 10//10 9//10
f 11//11 15//11 13//11 9//11
f 16//12 12//12 10//12 14//12
o Cube.009_Cube.014
v 1.849396 1.474066 1.568147
v 0.953177 1.976798 1.579917
v 1.842163 1.482701 0.648637
v 0.945945 1.985433 0.660407
v 1.958166 1.667947 1.569112
v 1.061947 2.170679 1.580882
v 1.950933 1.676582 0.649602
v 1.054715 2.179314 0.661373
vn -0.4893 -0.8721 -0.0043
vn -0.0079 0.0094 -0.9999
vn 0.4893 0.8721 0.0043
vn 0.0079 -0.0094 0.9999
vn 0.8721 -0.4892 -0.0115
vn -0.8721 0.4892 0.0115
usemtl Material.006
s off
f 17//13 18//13 20//13 19//13
f 19//14 20//14 24//14 23//14
f 23//15 24//15 22//15 21//15
f 21//16 22//16 18//16 17//16
f 19//17 23//17 21//17 17//17
f 24//18 20//18 18//18 22//18
o Cube.008_Cube.013
v 0.685713 2.154893 -0.836520
v -0.210505 2.657625 -0.824750
v 0.678481 2.163528 -1.756030
v -0.217738 2.666260 -1.744260
v 0.794483 2.348774 -0.835555
v -0.101735 2.851506 -0.823785
v 0.787251 2.357409 -1.755065
v -0.108968 2.860142 -1.743295
vn -0.4893 -0.8721 -0.0043
vn -0.0079 0.0094 -0.9999
vn 0.4893 0.8721 0.0043
vn 0.0079 -0.0094 0.9999
vn 0.8721 -0.4892 -0.0115
vn -0.8721 0.4892 0.0115
usemtl Material.004
s off
f 25//19 26//19 28//19 27//19
f 27//20 28//20 32//20 31//20
f 31//21 32//21 30//21 29//21
f 29//22 30//22 26//22 25//22
f 27//23 31//23 29//23 25//23
f 32//24 28//24 26//24 30//24
o Cube.007_Cube.012
v 0.732485 2.101418 0.357019
v -0.163734 2.604151 0.368789
v 0.725253 2.110054 -0.562491
v -0.170966 2.612786 -0.550721
v 0.841255 2.295300 0.357984
v -0.054963 2.798032 0.369754
v 0.834023 2.303935 -0.561526
v -0.062196 2.806667 -0.549755
vn -0.4893 -0.8721 -0.0043
vn -0.0079 0.0094 -0.9999
vn 0.4893 0.8721 0.0043
vn 0.0079 -0.0094 0.9999
vn 0.8721 -0.4892 -0.0115
vn -0.8721 0.4892 0.0115
usemtl Material.005
s off
f 33//25 34//25 36//25 35//25
f 35//26 36//26 40//26 39//26
f 39//27 40//27 38//27 37//27
f 37//28 38//28 34//28 33//28
f 35//29 39//29 37//29 33//29
f 40//30 36//30 34//30 38//30
o Cube.006_Cube.011
v 0.800131 2.095362 1.570655
v -0.096087 2.598095 1.582426
v 0.792899 2.103998 0.651145
v -0.103320 2.606730 0.662916
v 0.908901 2.289244 1.571620
v 0.012683 2.791976 1.583391
v 0.901669 2.297879 0.652111
v 0.005450 2.800611 0.663881
vn -0.4893 -0.8721 -0.0043
vn -0.0079 0.0094 -0.9999
vn 0.4893 0.8721 0.0043
vn 0.0079 -0.0094 0.9999
vn 0.8721 -0.4892 -0.0115
vn -0.8721 0.4892 0.0115
usemtl Material.006
s off
f 41//31 42//31 44//31 43//31
f 43//32 44//32 48//32 47//32
f 47//33 48//33 46//33 45//33
f 45//34 46//34 42//34 41//34
f 43//35 47//35 45//35 41//35
f 48//36 44//36 42//36 46//36
o Cube.005_Cube.010
v -0.459105 2.825359 -0.793188
v -1.355323 3.328091 -0.781418
v -0.466337 2.833994 -1.712698
v -1.362556 3.336726 -1.700928
v -0.350335 3.019240 -0.792223
v -1.246553 3.521972 -0.780453
v -0.357567 3.027875 -1.711733
v -1.253786 3.530608 -1.699963
vn -0.4893 -0.8721 -0.0043
vn -0.0079 0.0094 -0.9999
vn 0.4893 0.8721 0.0043
vn 0.0079 -0.0094 0.9999
vn 0.8721 -0.4892 -0.0115
vn -0.8721 0.4892 0.0115
usemtl Material.003
s off
f 49//37 50//37 52//37 51//37
f 51//38 52//38 56//38 55//38
f 55//39 56//39 54//39 53//39
f 53//40 54//40 50//40 49//40
f 51//41 55//41 53//41 49//41
f 56//42 52//42 50//42 54//42
o Cube.004_Cube.008
v -0.449363 2.826230 0.427500
v -1.345581 3.328963 0.439270
v -0.456595 2.834865 -0.492010
v -1.352813 3.337598 -0.480240
v -0.340593 3.020111 0.428465
v -1.236811 3.522844 0.440235
v -0.347825 3.028746 -0.491045
v -1.244043 3.531479 -0.479275
vn -0.4893 -0.8721 -0.0043
vn -0.0079 0.0094 -0.9999
vn 0.4893 0.8721 0.0043
vn 0.0079 -0.0094 0.9999
vn 0.8721 -0.4892 -0.0115
vn -0.8721 0.4892 0.0115
usemtl Material.001
s off
f 57//43 58//43 60//43 59//43
f 59//44 60//44 64//44 63//44
f 63//45 64//45 62//45 61//45
f 61//46 62//46 58//46 57//46
f 59//47 63//47 61//47 57//47
f 64//48 60//48 58//48 62//48
o Cube.003_Cube.006
v -0.478079 2.797047 1.619609
v -1.374297 3.299779 1.631379
v -0.485311 2.805682 0.700099
v -1.381530 3.308414 0.711869
v -0.369309 2.990928 1.620574
v -1.265527 3.493660 1.632344
v -0.376541 2.999563 0.701064
v -1.272760 3.502296 0.712835
vn -0.4893 -0.8721 -0.0043
vn -0.0079 0.0094 -0.9999
vn 0.4893 0.8721 0.0043
vn 0.0079 -0.0094 0.9999
vn 0.8721 -0.4892 -0.0115
vn -0.8721 0.4892 0.0115
usemtl Material.002
s off
f 65//49 66//49 68//49 67//49
f 67//50 68//50 72//50 71//50
f 71//51 72//51 70//51 69//51
f 69//52 70//52 66//52 65//52
f 67//53 71//53 69//53 65//53
f 72//54 68//54 66//54 70//54
o Cube.002_Cube.004
v -1.987389 3.782846 1.770695
v -2.142510 4.847399 1.778699
v -1.984893 3.808926 -1.649883
v -2.140014 4.873478 -1.641880
v -1.512745 3.852003 1.771569
v -1.667866 4.916555 1.779572
v -1.510249 3.878083 -1.649009
v -1.665370 4.942635 -1.641006
vn -0.9895 -0.1442 -0.0018
vn 0.0007 0.0076 -1.0000
vn 0.9895 0.1442 0.0018
vn -0.0007 -0.0076 1.0000
vn 0.1442 -0.9895 -0.0074
vn -0.1442 0.9895 0.0074
usemtl Material.007
s off
f 73//55 74//55 76//55 75//55
f 75//56 76//56 80//56 79//56
f 79//57 80//57 78//57 77//57
f 77//58 78//58 74//58 73//58
f 75//59 79//59 77//59 73//59
f 80//60 76//60 74//60 78//60
o Cube.001_Cube.003
v -2.540720 2.925267 2.128509
v -2.864916 5.150130 2.145235
v -2.537694 2.956882 -2.018039
v -2.861890 5.181745 -2.001312
v -1.548720 3.069803 2.130334
v -1.872916 5.294666 2.147061
v -1.545694 3.101418 -2.016213
v -1.869891 5.326281 -1.999487
vn -0.9895 -0.1442 -0.0018
vn 0.0007 0.0076 -1.0000
vn 0.9895 0.1442 0.0018
vn -0.0007 -0.0076 1.0000
vn 0.1442 -0.9895 -0.0074
vn -0.1442 0.9895 0.0074
usemtl Material.009
s off
f 81//61 82//61 84//61 83//61
f 83//62 84//62 88//62 87//62
f 87//63 88//63 86//63 85//63
f 85//64 86//64 82//64 81//64
f 83//65 87//65 85//65 81//65
f 88//66 84//66 82//66 86//66
o Cube_Cube.001
v 1.514577 0.615913 2.061316
v -2.526826 2.882932 2.114393
v 1.481963 0.654852 -2.085117
v -2.559439 2.921871 -2.032039
v 2.005064 1.490200 2.065669
v -2.036339 3.757219 2.118746
v 1.972450 1.529139 -2.080764
v -2.068952 3.796158 -2.027687
vn -0.4893 -0.8721 -0.0043
vn -0.0079 0.0094 -0.9999
vn 0.4893 0.8721 0.0043
vn 0.0079 -0.0094 0.9999
vn 0.8721 -0.4892 -0.0115
vn -0.8721 0.4892 0.0115
usemtl Material.008
s off
f 89//67 90//67 92//67 91//67
f 91//68 92//68 96//68 95//68
f 95//69 96//69 94//69 93//69
f 93//70 94//70 90//70 89//70
f 91//71 95//71 93//71 89//71
f 96//72 92//72 90//72 94//72
